mean_fit_time	std_fit_time	mean_score_time	std_score_time	param_lambda_2	param_lambda_1	param_alpha_2	param_alpha_1	params	split0_test_score	split1_test_score	split2_test_score	split3_test_score	split4_test_score	mean_test_score	std_test_score	rank_test_score
1.3361385345458985	0.3703191665937128	0.04648270606994629	0.03484161358770078	1e-05	1e-06	1e-07	0.0001	{'lambda_2': 1e-05, 'lambda_1': 1e-06, 'alpha_2': 1e-07, 'alpha_1': 0.0001}	0.6994798346314987	0.6742343276233609	0.6695927923364458	0.6762074403586754	0.6460194336672541	0.6731067657234469	0.0170440365497586	1
2.8947449207305906	0.8517862190551545	0.1076124668121338	0.0830267901218756	1e-05	0.0001	0.001	1e-07	{'lambda_2': 1e-05, 'lambda_1': 0.0001, 'alpha_2': 0.001, 'alpha_1': 1e-07}	0.6994798346314987	0.6742343276233609	0.6695927923364458	0.6762074403586754	0.6460194336672541	0.6731067657234469	0.0170440365497586	1
2.5221843242645265	0.8619921382884627	0.0417365550994873	0.0388046540306052	0.0001	1e-06	1e-05	1e-07	{'lambda_2': 0.0001, 'lambda_1': 1e-06, 'alpha_2': 1e-05, 'alpha_1': 1e-07}	0.6994798346314987	0.6742343276233609	0.6695927923364458	0.6762074403586754	0.6460194336672541	0.6731067657234469	0.0170440365497586	1
2.6309064388275147	0.7782459504944937	0.04066953659057617	0.01872883384244404	1e-07	1e-05	1e-07	0.0001	{'lambda_2': 1e-07, 'lambda_1': 1e-05, 'alpha_2': 1e-07, 'alpha_1': 0.0001}	0.6994798346314987	0.6742343276233609	0.6695927923364458	0.6762074403586754	0.6460194336672541	0.6731067657234469	0.0170440365497586	1
1.7794012069702148	0.303410710470691	0.02590312957763672	0.01903746194582118	1e-05	0.001	1e-07	1e-05	{'lambda_2': 1e-05, 'lambda_1': 0.001, 'alpha_2': 1e-07, 'alpha_1': 1e-05}	0.6994798346314987	0.6742343276233609	0.6695927923364458	0.6762074403586754	0.6460194336672541	0.6731067657234469	0.0170440365497586	1
2.267229461669922	0.7012326690249443	0.09964814186096191	0.06807214622819396	1e-06	1e-05	0.0001	0.001	{'lambda_2': 1e-06, 'lambda_1': 1e-05, 'alpha_2': 0.0001, 'alpha_1': 0.001}	0.6994798346314987	0.6742343276233609	0.6695927923364458	0.6762074403586754	0.6460194336672541	0.6731067657234469	0.0170440365497586	1
2.553714370727539	0.778493995051364	0.04108519554138183	0.01696165773123011	1e-05	0.0001	1e-06	1e-07	{'lambda_2': 1e-05, 'lambda_1': 0.0001, 'alpha_2': 1e-06, 'alpha_1': 1e-07}	0.6994798346314987	0.6742343276233609	0.6695927923364458	0.6762074403586754	0.6460194336672541	0.6731067657234469	0.0170440365497586	1
3.6211814403533937	0.2904380314198754	0.222298002243042	0.24566612240978464	0.0001	1e-06	0.001	1e-05	{'lambda_2': 0.0001, 'lambda_1': 1e-06, 'alpha_2': 0.001, 'alpha_1': 1e-05}	0.6994798346314987	0.6742343276233609	0.6695927923364458	0.6762074403586754	0.6460194336672541	0.6731067657234469	0.0170440365497586	1
2.704906702041626	0.804823974922972	0.04394440650939942	0.014794181618707037	1e-05	0.001	1e-06	0.001	{'lambda_2': 1e-05, 'lambda_1': 0.001, 'alpha_2': 1e-06, 'alpha_1': 0.001}	0.6994798346314987	0.6742343276233609	0.6695927923364458	0.6762074403586754	0.6460194336672541	0.6731067657234469	0.0170440365497586	1
2.2613091468811035	0.7016576691776593	0.05767345428466797	0.02218883480593829	0.001	1e-07	1e-05	0.001	{'lambda_2': 0.001, 'lambda_1': 1e-07, 'alpha_2': 1e-05, 'alpha_1': 0.001}	0.6994798346314987	0.6742343276233609	0.6695927923364458	0.6762074403586754	0.6460194336672541	0.6731067657234469	0.0170440365497586	1
2.4950931549072264	0.7497480655052148	0.08956828117370605	0.060955713827265674	1e-07	1e-06	0.0001	1e-06	{'lambda_2': 1e-07, 'lambda_1': 1e-06, 'alpha_2': 0.0001, 'alpha_1': 1e-06}	0.6994798346314987	0.6742343276233609	0.6695927923364458	0.6762074403586754	0.6460194336672541	0.6731067657234469	0.0170440365497586	1
3.4574103355407715	1.1449238937480308	0.14392313957214356	0.17970120415581836	0.0001	0.0001	0.001	1e-05	{'lambda_2': 0.0001, 'lambda_1': 0.0001, 'alpha_2': 0.001, 'alpha_1': 1e-05}	0.6994798346314987	0.6742343276233609	0.6695927923364458	0.6762074403586754	0.6460194336672541	0.6731067657234469	0.0170440365497586	1
1.8988951683044433	0.6798807613839122	0.0414008617401123	0.02890349498153235	1e-07	1e-06	0.0001	0.0001	{'lambda_2': 1e-07, 'lambda_1': 1e-06, 'alpha_2': 0.0001, 'alpha_1': 0.0001}	0.6994798346314987	0.6742343276233609	0.6695927923364458	0.6762074403586754	0.6460194336672541	0.6731067657234469	0.0170440365497586	1
2.2895427703857423	1.0056510192824946	0.04380025863647461	0.009826631429360735	1e-07	0.001	0.0001	0.001	{'lambda_2': 1e-07, 'lambda_1': 0.001, 'alpha_2': 0.0001, 'alpha_1': 0.001}	0.6994798346314987	0.6742343276233609	0.6695927923364458	0.6762074403586754	0.6460194336672541	0.6731067657234469	0.0170440365497586	1
1.9480587482452392	0.43902422649579786	0.07054028511047364	0.09090572359882235	0.001	0.0001	1e-05	0.0001	{'lambda_2': 0.001, 'lambda_1': 0.0001, 'alpha_2': 1e-05, 'alpha_1': 0.0001}	0.6994798346314987	0.6742343276233609	0.6695927923364458	0.6762074403586754	0.6460194336672541	0.6731067657234469	0.0170440365497586	1
2.369632434844971	1.3942792660146095	0.1806586742401123	0.269324517586767	1e-06	0.001	0.0001	0.001	{'lambda_2': 1e-06, 'lambda_1': 0.001, 'alpha_2': 0.0001, 'alpha_1': 0.001}	0.6994798346314987	0.6742343276233609	0.6695927923364458	0.6762074403586754	0.6460194336672541	0.6731067657234469	0.0170440365497586	1
2.3428459644317625	0.7133409730148161	0.05595417022705078	0.029657563337218702	1e-06	1e-05	1e-05	1e-05	{'lambda_2': 1e-06, 'lambda_1': 1e-05, 'alpha_2': 1e-05, 'alpha_1': 1e-05}	0.6994798346314987	0.6742343276233609	0.6695927923364458	0.6762074403586754	0.6460194336672541	0.6731067657234469	0.0170440365497586	1
1.3868326663970947	0.5623694851060183	0.0244112491607666	0.028865397129972156	1e-06	0.001	1e-05	1e-05	{'lambda_2': 1e-06, 'lambda_1': 0.001, 'alpha_2': 1e-05, 'alpha_1': 1e-05}	0.6994798346314987	0.6742343276233609	0.6695927923364458	0.6762074403586754	0.6460194336672541	0.6731067657234469	0.0170440365497586	1
2.0138935089111327	0.6754823655821097	0.08451018333435059	0.11527276463405821	1e-07	1e-06	0.0001	0.001	{'lambda_2': 1e-07, 'lambda_1': 1e-06, 'alpha_2': 0.0001, 'alpha_1': 0.001}	0.6994798346314987	0.6742343276233609	0.6695927923364458	0.6762074403586754	0.6460194336672541	0.6731067657234469	0.0170440365497586	1
2.337656116485596	1.1256609394173316	0.02367434501647949	0.01839959169698109	0.0001	1e-05	0.001	1e-05	{'lambda_2': 0.0001, 'lambda_1': 1e-05, 'alpha_2': 0.001, 'alpha_1': 1e-05}	0.6994798346314987	0.6742343276233609	0.6695927923364458	0.6762074403586754	0.6460194336672541	0.6731067657234469	0.0170440365497586	1
3.000256156921387	0.9001032927879126	0.09620475769042969	0.05266506733984194	1e-06	0.001	0.001	1e-05	{'lambda_2': 1e-06, 'lambda_1': 0.001, 'alpha_2': 0.001, 'alpha_1': 1e-05}	0.6994798346314987	0.6742343276233609	0.6695927923364458	0.6762074403586754	0.6460194336672541	0.6731067657234469	0.0170440365497586	1
2.1911176204681397	0.7351450066874469	0.03539218902587891	0.01891775464093551	1e-05	1e-05	0.001	1e-05	{'lambda_2': 1e-05, 'lambda_1': 1e-05, 'alpha_2': 0.001, 'alpha_1': 1e-05}	0.6994798346314987	0.6742343276233609	0.6695927923364458	0.6762074403586754	0.6460194336672541	0.6731067657234469	0.0170440365497586	1
1.6867751598358154	0.3346264907471409	0.037796735763549805	0.021076336769068317	1e-06	1e-07	1e-06	1e-06	{'lambda_2': 1e-06, 'lambda_1': 1e-07, 'alpha_2': 1e-06, 'alpha_1': 1e-06}	0.6994798346314987	0.6742343276233609	0.6695927923364458	0.6762074403586754	0.6460194336672541	0.6731067657234469	0.0170440365497586	1
1.8513949871063233	0.8310495856369317	0.024335193634033202	0.01065306997677562	1e-05	1e-05	1e-05	1e-05	{'lambda_2': 1e-05, 'lambda_1': 1e-05, 'alpha_2': 1e-05, 'alpha_1': 1e-05}	0.6994798346314987	0.6742343276233609	0.6695927923364458	0.6762074403586754	0.6460194336672541	0.6731067657234469	0.0170440365497586	1
2.6439820766448974	1.3606734784663297	0.0695413589477539	0.07533644951873535	1e-07	1e-07	0.0001	1e-07	{'lambda_2': 1e-07, 'lambda_1': 1e-07, 'alpha_2': 0.0001, 'alpha_1': 1e-07}	0.6994798346314987	0.6742343276233609	0.6695927923364458	0.6762074403586754	0.6460194336672541	0.6731067657234469	0.0170440365497586	1
2.2888415336608885	0.6209977167795948	0.09952516555786133	0.06243036847517012	1e-06	1e-07	1e-07	1e-05	{'lambda_2': 1e-06, 'lambda_1': 1e-07, 'alpha_2': 1e-07, 'alpha_1': 1e-05}	0.6994798346314987	0.6742343276233609	0.6695927923364458	0.6762074403586754	0.6460194336672541	0.6731067657234469	0.0170440365497586	1
2.715476942062378	0.5148329990458332	0.04997019767761231	0.049411200540842526	1e-07	1e-06	1e-07	1e-05	{'lambda_2': 1e-07, 'lambda_1': 1e-06, 'alpha_2': 1e-07, 'alpha_1': 1e-05}	0.6994798346314987	0.6742343276233609	0.6695927923364458	0.6762074403586754	0.6460194336672541	0.6731067657234469	0.0170440365497586	1
2.3794665813446043	0.8815056660467325	0.06431751251220703	0.04396022884870007	1e-07	1e-05	1e-05	0.001	{'lambda_2': 1e-07, 'lambda_1': 1e-05, 'alpha_2': 1e-05, 'alpha_1': 0.001}	0.6994798346314987	0.6742343276233609	0.6695927923364458	0.6762074403586754	0.6460194336672541	0.6731067657234469	0.0170440365497586	1
2.958445501327515	0.6128078663167801	0.036420249938964845	0.010816638330557444	1e-05	1e-06	1e-07	0.001	{'lambda_2': 1e-05, 'lambda_1': 1e-06, 'alpha_2': 1e-07, 'alpha_1': 0.001}	0.6994798346314987	0.6742343276233609	0.6695927923364458	0.6762074403586754	0.6460194336672541	0.6731067657234469	0.0170440365497586	1
2.7618738174438477	0.817820119199448	0.025272417068481445	0.019407852507104095	0.001	0.0001	1e-06	1e-07	{'lambda_2': 0.001, 'lambda_1': 0.0001, 'alpha_2': 1e-06, 'alpha_1': 1e-07}	0.6994798346314987	0.6742343276233609	0.6695927923364458	0.6762074403586754	0.6460194336672541	0.6731067657234469	0.0170440365497586	1
3.2646297454833983	1.2619876863398534	0.021457386016845704	0.021243987874614893	0.0001	0.0001	1e-06	0.0001	{'lambda_2': 0.0001, 'lambda_1': 0.0001, 'alpha_2': 1e-06, 'alpha_1': 0.0001}	0.6994798346314987	0.6742343276233609	0.6695927923364458	0.6762074403586754	0.6460194336672541	0.6731067657234469	0.0170440365497586	1
3.3235967636108397	0.6580473934939989	0.07395086288452149	0.05918016155669855	1e-06	0.0001	1e-06	1e-07	{'lambda_2': 1e-06, 'lambda_1': 0.0001, 'alpha_2': 1e-06, 'alpha_1': 1e-07}	0.6994798346314987	0.6742343276233609	0.6695927923364458	0.6762074403586754	0.6460194336672541	0.6731067657234469	0.0170440365497586	1
2.796720838546753	1.729209954776464	0.054433155059814456	0.07397246903680293	1e-05	1e-06	0.0001	1e-07	{'lambda_2': 1e-05, 'lambda_1': 1e-06, 'alpha_2': 0.0001, 'alpha_1': 1e-07}	0.6994798346314987	0.6742343276233609	0.6695927923364458	0.6762074403586754	0.6460194336672541	0.6731067657234469	0.0170440365497586	1
2.0922576427459716	0.2049653768975713	0.03471369743347168	0.02149545625426539	0.0001	0.001	1e-05	1e-07	{'lambda_2': 0.0001, 'lambda_1': 0.001, 'alpha_2': 1e-05, 'alpha_1': 1e-07}	0.6994798346314987	0.6742343276233609	0.6695927923364458	0.6762074403586754	0.6460194336672541	0.6731067657234469	0.0170440365497586	1
2.6743842124938966	0.91901756637651	0.08940186500549316	0.10709713374453304	1e-05	1e-07	1e-07	1e-05	{'lambda_2': 1e-05, 'lambda_1': 1e-07, 'alpha_2': 1e-07, 'alpha_1': 1e-05}	0.6994798346314987	0.6742343276233609	0.6695927923364458	0.6762074403586754	0.6460194336672541	0.6731067657234469	0.0170440365497586	1
3.381790113449097	1.6846350765212457	0.07752389907836914	0.060382031171629574	1e-05	1e-06	1e-05	0.0001	{'lambda_2': 1e-05, 'lambda_1': 1e-06, 'alpha_2': 1e-05, 'alpha_1': 0.0001}	0.6994798346314987	0.6742343276233609	0.6695927923364458	0.6762074403586754	0.6460194336672541	0.6731067657234469	0.0170440365497586	1
2.307885837554932	0.5491777337028488	0.0509223461151123	0.028538032551487597	1e-06	0.001	1e-07	1e-06	{'lambda_2': 1e-06, 'lambda_1': 0.001, 'alpha_2': 1e-07, 'alpha_1': 1e-06}	0.6994798346314987	0.6742343276233609	0.6695927923364458	0.6762074403586754	0.6460194336672541	0.6731067657234469	0.0170440365497586	1
3.3883838176727297	1.444278715381535	0.0686009407043457	0.06760060200571584	0.001	0.0001	0.0001	0.001	{'lambda_2': 0.001, 'lambda_1': 0.0001, 'alpha_2': 0.0001, 'alpha_1': 0.001}	0.6994798346314987	0.6742343276233609	0.6695927923364458	0.6762074403586754	0.6460194336672541	0.6731067657234469	0.0170440365497586	1
2.536365842819214	0.5650251828815175	0.0443934440612793	0.033639249256628354	1e-07	1e-05	0.001	0.0001	{'lambda_2': 1e-07, 'lambda_1': 1e-05, 'alpha_2': 0.001, 'alpha_1': 0.0001}	0.6994798346314987	0.6742343276233609	0.6695927923364458	0.6762074403586754	0.6460194336672541	0.6731067657234469	0.0170440365497586	1
2.8506447792053224	0.5892893326994969	0.06641721725463867	0.021932772439629253	1e-06	0.0001	1e-05	0.0001	{'lambda_2': 1e-06, 'lambda_1': 0.0001, 'alpha_2': 1e-05, 'alpha_1': 0.0001}	0.6994798346314987	0.6742343276233609	0.6695927923364458	0.6762074403586754	0.6460194336672541	0.6731067657234469	0.0170440365497586	1
2.7990724086761474	1.200223548885805	0.061137819290161134	0.026566435782350874	0.0001	0.001	0.001	0.001	{'lambda_2': 0.0001, 'lambda_1': 0.001, 'alpha_2': 0.001, 'alpha_1': 0.001}	0.6994798346314987	0.6742343276233609	0.6695927923364458	0.6762074403586754	0.6460194336672541	0.6731067657234469	0.0170440365497586	1
3.0318716049194334	0.945614053507844	0.12163896560668945	0.10570486700398928	0.0001	0.001	1e-06	0.0001	{'lambda_2': 0.0001, 'lambda_1': 0.001, 'alpha_2': 1e-06, 'alpha_1': 0.0001}	0.6994798346314987	0.6742343276233609	0.6695927923364458	0.6762074403586754	0.6460194336672541	0.6731067657234469	0.0170440365497586	1
1.7929869174957276	1.1750515700329507	0.04137353897094727	0.01020513451308404	1e-06	0.001	0.0001	1e-05	{'lambda_2': 1e-06, 'lambda_1': 0.001, 'alpha_2': 0.0001, 'alpha_1': 1e-05}	0.6994798346314987	0.6742343276233609	0.6695927923364458	0.6762074403586754	0.6460194336672541	0.6731067657234469	0.0170440365497586	1
2.7788036823272706	1.2502049768893018	0.07073240280151367	0.04466489994043927	0.001	1e-05	0.001	1e-05	{'lambda_2': 0.001, 'lambda_1': 1e-05, 'alpha_2': 0.001, 'alpha_1': 1e-05}	0.6994798346314987	0.6742343276233609	0.6695927923364458	0.6762074403586754	0.6460194336672541	0.6731067657234469	0.0170440365497586	1
2.987907075881958	1.3329165996189498	0.062348222732543944	0.02097426340704046	1e-07	1e-06	1e-05	1e-05	{'lambda_2': 1e-07, 'lambda_1': 1e-06, 'alpha_2': 1e-05, 'alpha_1': 1e-05}	0.6994798346314987	0.6742343276233609	0.6695927923364458	0.6762074403586754	0.6460194336672541	0.6731067657234469	0.0170440365497586	1
2.2710409641265867	0.3340931573690716	0.1288282871246338	0.1416697590814846	1e-07	0.001	1e-06	1e-07	{'lambda_2': 1e-07, 'lambda_1': 0.001, 'alpha_2': 1e-06, 'alpha_1': 1e-07}	0.6994798346314987	0.6742343276233609	0.6695927923364458	0.6762074403586754	0.6460194336672541	0.6731067657234469	0.0170440365497586	1
1.6793908596038818	0.2822881104186111	0.024756479263305663	0.015040551964064465	1e-06	1e-06	0.001	0.001	{'lambda_2': 1e-06, 'lambda_1': 1e-06, 'alpha_2': 0.001, 'alpha_1': 0.001}	0.6994798346314987	0.6742343276233609	0.6695927923364458	0.6762074403586754	0.6460194336672541	0.6731067657234469	0.0170440365497586	1
2.767385149002075	2.031622152568965	0.05375971794128418	0.03804101574353938	1e-07	0.001	0.001	1e-05	{'lambda_2': 1e-07, 'lambda_1': 0.001, 'alpha_2': 0.001, 'alpha_1': 1e-05}	0.6994798346314987	0.6742343276233609	0.6695927923364458	0.6762074403586754	0.6460194336672541	0.6731067657234469	0.0170440365497586	1
2.1874720096588134	0.7246988282059854	0.19472732543945312	0.17888673357048104	1e-07	0.0001	1e-05	1e-06	{'lambda_2': 1e-07, 'lambda_1': 0.0001, 'alpha_2': 1e-05, 'alpha_1': 1e-06}	0.6994798346314987	0.6742343276233609	0.6695927923364458	0.6762074403586754	0.6460194336672541	0.6731067657234469	0.0170440365497586	1
2.3618012428283692	0.41917031895100854	0.0547757625579834	0.03859622935196669	0.0001	1e-07	1e-05	1e-07	{'lambda_2': 0.0001, 'lambda_1': 1e-07, 'alpha_2': 1e-05, 'alpha_1': 1e-07}	0.6994798346314987	0.6742343276233609	0.6695927923364458	0.6762074403586754	0.6460194336672541	0.6731067657234469	0.0170440365497586	1
3.0087406635284424	1.3473749585326746	0.09211931228637696	0.14756621251378063	1e-07	1e-05	1e-06	1e-06	{'lambda_2': 1e-07, 'lambda_1': 1e-05, 'alpha_2': 1e-06, 'alpha_1': 1e-06}	0.6994798346314987	0.6742343276233609	0.6695927923364458	0.6762074403586754	0.6460194336672541	0.6731067657234469	0.0170440365497586	1
3.8547433853149413	1.7255372563223725	0.08584237098693848	0.04984689112145154	1e-06	1e-06	1e-07	0.0001	{'lambda_2': 1e-06, 'lambda_1': 1e-06, 'alpha_2': 1e-07, 'alpha_1': 0.0001}	0.6994798346314987	0.6742343276233609	0.6695927923364458	0.6762074403586754	0.6460194336672541	0.6731067657234469	0.0170440365497586	1
4.393300867080688	1.5803222624314799	0.0809485912322998	0.06442114771059886	0.001	1e-05	1e-06	0.001	{'lambda_2': 0.001, 'lambda_1': 1e-05, 'alpha_2': 1e-06, 'alpha_1': 0.001}	0.6994798346314987	0.6742343276233609	0.6695927923364458	0.6762074403586754	0.6460194336672541	0.6731067657234469	0.0170440365497586	1
4.128231191635132	0.9356904297945585	0.210601806640625	0.25282491393943274	0.0001	0.001	1e-07	1e-05	{'lambda_2': 0.0001, 'lambda_1': 0.001, 'alpha_2': 1e-07, 'alpha_1': 1e-05}	0.6994798346314987	0.6742343276233609	0.6695927923364458	0.6762074403586754	0.6460194336672541	0.6731067657234469	0.0170440365497586	1
4.577659177780151	1.2698665317004454	0.1610180377960205	0.24232191165205372	1e-06	1e-05	0.0001	0.0001	{'lambda_2': 1e-06, 'lambda_1': 1e-05, 'alpha_2': 0.0001, 'alpha_1': 0.0001}	0.6994798346314987	0.6742343276233609	0.6695927923364458	0.6762074403586754	0.6460194336672541	0.6731067657234469	0.0170440365497586	1
4.568182849884034	2.0605107863513874	0.09545426368713379	0.052317961860731704	1e-06	0.0001	1e-07	0.0001	{'lambda_2': 1e-06, 'lambda_1': 0.0001, 'alpha_2': 1e-07, 'alpha_1': 0.0001}	0.6994798346314987	0.6742343276233609	0.6695927923364458	0.6762074403586754	0.6460194336672541	0.6731067657234469	0.0170440365497586	1
3.003894805908203	1.0320865404886936	0.057767295837402345	0.02582882009235114	0.0001	0.0001	1e-07	1e-05	{'lambda_2': 0.0001, 'lambda_1': 0.0001, 'alpha_2': 1e-07, 'alpha_1': 1e-05}	0.6994798346314987	0.6742343276233609	0.6695927923364458	0.6762074403586754	0.6460194336672541	0.6731067657234469	0.0170440365497586	1
2.7626380443573	0.7444153980194465	0.09567756652832031	0.028866271936810538	0.001	0.001	0.001	0.001	{'lambda_2': 0.001, 'lambda_1': 0.001, 'alpha_2': 0.001, 'alpha_1': 0.001}	0.6994798346314987	0.6742343276233609	0.6695927923364458	0.6762074403586754	0.6460194336672541	0.6731067657234469	0.0170440365497586	1
4.599507904052734	2.2795179867146373	0.12993321418762208	0.10194842120035065	1e-05	0.0001	1e-06	0.0001	{'lambda_2': 1e-05, 'lambda_1': 0.0001, 'alpha_2': 1e-06, 'alpha_1': 0.0001}	0.6994798346314987	0.6742343276233609	0.6695927923364458	0.6762074403586754	0.6460194336672541	0.6731067657234469	0.0170440365497586	1
6.26909875869751	0.4251058368832513	0.041284036636352536	0.024850667973188544	0.001	1e-05	0.001	0.001	{'lambda_2': 0.001, 'lambda_1': 1e-05, 'alpha_2': 0.001, 'alpha_1': 0.001}	0.6994798346314987	0.6742343276233609	0.6695927923364458	0.6762074403586754	0.6460194336672541	0.6731067657234469	0.0170440365497586	1
6.039832496643067	1.4558220804893018	0.1682507038116455	0.17169678774412697	1e-07	1e-07	0.001	1e-05	{'lambda_2': 1e-07, 'lambda_1': 1e-07, 'alpha_2': 0.001, 'alpha_1': 1e-05}	0.6994798346314987	0.6742343276233609	0.6695927923364458	0.6762074403586754	0.6460194336672541	0.6731067657234469	0.0170440365497586	1
6.180083322525024	1.1913554193761433	0.04575247764587402	0.012509348799635469	1e-05	0.0001	1e-07	0.001	{'lambda_2': 1e-05, 'lambda_1': 0.0001, 'alpha_2': 1e-07, 'alpha_1': 0.001}	0.6994798346314987	0.6742343276233609	0.6695927923364458	0.6762074403586754	0.6460194336672541	0.6731067657234469	0.0170440365497586	1
7.30533013343811	2.1657976282340923	0.14419002532958985	0.1662045034576612	0.001	1e-05	1e-05	1e-07	{'lambda_2': 0.001, 'lambda_1': 1e-05, 'alpha_2': 1e-05, 'alpha_1': 1e-07}	0.6994798346314987	0.6742343276233609	0.6695927923364458	0.6762074403586754	0.6460194336672541	0.6731067657234469	0.0170440365497586	1
6.376125478744507	1.5495841953375233	0.04831194877624512	0.01882046850729461	0.0001	0.0001	0.001	1e-07	{'lambda_2': 0.0001, 'lambda_1': 0.0001, 'alpha_2': 0.001, 'alpha_1': 1e-07}	0.6994798346314987	0.6742343276233609	0.6695927923364458	0.6762074403586754	0.6460194336672541	0.6731067657234469	0.0170440365497586	1
4.2781227111816404	1.4699500848956095	0.07510223388671874	0.04221853518456965	0.0001	1e-05	1e-07	1e-06	{'lambda_2': 0.0001, 'lambda_1': 1e-05, 'alpha_2': 1e-07, 'alpha_1': 1e-06}	0.6994798346314987	0.6742343276233609	0.6695927923364458	0.6762074403586754	0.6460194336672541	0.6731067657234469	0.0170440365497586	1
4.139021635055542	1.8553551824462393	0.056213665008544925	0.01932171758226875	1e-05	1e-05	1e-05	1e-07	{'lambda_2': 1e-05, 'lambda_1': 1e-05, 'alpha_2': 1e-05, 'alpha_1': 1e-07}	0.6994798346314987	0.6742343276233609	0.6695927923364458	0.6762074403586754	0.6460194336672541	0.6731067657234469	0.0170440365497586	1
4.108686733245849	1.813375337318781	0.062056875228881835	0.03278883007625005	0.0001	0.001	0.001	0.0001	{'lambda_2': 0.0001, 'lambda_1': 0.001, 'alpha_2': 0.001, 'alpha_1': 0.0001}	0.6994798346314987	0.6742343276233609	0.6695927923364458	0.6762074403586754	0.6460194336672541	0.6731067657234469	0.0170440365497586	1
2.133070230484009	1.5685385695437113	0.05627708435058594	0.04341933348425758	0.001	0.0001	0.0001	1e-05	{'lambda_2': 0.001, 'lambda_1': 0.0001, 'alpha_2': 0.0001, 'alpha_1': 1e-05}	0.6994798346314987	0.6742343276233609	0.6695927923364458	0.6762074403586754	0.6460194336672541	0.6731067657234469	0.0170440365497586	1
3.254304027557373	2.8736771677943915	0.07059774398803711	0.07384527847265017	1e-07	1e-06	0.0001	1e-05	{'lambda_2': 1e-07, 'lambda_1': 1e-06, 'alpha_2': 0.0001, 'alpha_1': 1e-05}	0.6994798346314987	0.6742343276233609	0.6695927923364458	0.6762074403586754	0.6460194336672541	0.6731067657234469	0.0170440365497586	1
1.762355089187622	0.31158444660457507	0.13083486557006835	0.10769590017092853	1e-07	0.001	1e-06	0.001	{'lambda_2': 1e-07, 'lambda_1': 0.001, 'alpha_2': 1e-06, 'alpha_1': 0.001}	0.6994798346314987	0.6742343276233609	0.6695927923364458	0.6762074403586754	0.6460194336672541	0.6731067657234469	0.0170440365497586	1
1.8599615097045898	1.30552284492205	0.030677938461303712	0.009269361003078909	1e-07	1e-06	0.001	1e-05	{'lambda_2': 1e-07, 'lambda_1': 1e-06, 'alpha_2': 0.001, 'alpha_1': 1e-05}	0.6994798346314987	0.6742343276233609	0.6695927923364458	0.6762074403586754	0.6460194336672541	0.6731067657234469	0.0170440365497586	1
1.3186312198638916	0.15715196605497023	0.029856109619140626	0.014948641173785913	1e-06	0.001	1e-05	0.0001	{'lambda_2': 1e-06, 'lambda_1': 0.001, 'alpha_2': 1e-05, 'alpha_1': 0.0001}	0.6994798346314987	0.6742343276233609	0.6695927923364458	0.6762074403586754	0.6460194336672541	0.6731067657234469	0.0170440365497586	1
4.098824071884155	1.6759020486728144	0.05604081153869629	0.03486196065125221	1e-07	0.0001	1e-07	0.001	{'lambda_2': 1e-07, 'lambda_1': 0.0001, 'alpha_2': 1e-07, 'alpha_1': 0.001}	0.6994798346314987	0.6742343276233609	0.6695927923364458	0.6762074403586754	0.6460194336672541	0.6731067657234469	0.0170440365497586	1
3.511456346511841	1.1066681419520397	0.06904716491699218	0.04551749437493019	1e-06	1e-06	1e-06	1e-07	{'lambda_2': 1e-06, 'lambda_1': 1e-06, 'alpha_2': 1e-06, 'alpha_1': 1e-07}	0.6994798346314987	0.6742343276233609	0.6695927923364458	0.6762074403586754	0.6460194336672541	0.6731067657234469	0.0170440365497586	1
3.149553632736206	1.3239570280499409	0.054560518264770506	0.04180337054557343	1e-06	0.0001	0.001	1e-05	{'lambda_2': 1e-06, 'lambda_1': 0.0001, 'alpha_2': 0.001, 'alpha_1': 1e-05}	0.6994798346314987	0.6742343276233609	0.6695927923364458	0.6762074403586754	0.6460194336672541	0.6731067657234469	0.0170440365497586	1
1.9098684787750244	0.6670533451084636	0.0514615535736084	0.005826481752337113	1e-07	1e-07	1e-06	1e-07	{'lambda_2': 1e-07, 'lambda_1': 1e-07, 'alpha_2': 1e-06, 'alpha_1': 1e-07}	0.6994798346314987	0.6742343276233609	0.6695927923364458	0.6762074403586754	0.6460194336672541	0.6731067657234469	0.0170440365497586	1
2.183512258529663	0.34232282533058245	0.10550823211669921	0.11192125495705123	1e-07	0.0001	1e-07	1e-07	{'lambda_2': 1e-07, 'lambda_1': 0.0001, 'alpha_2': 1e-07, 'alpha_1': 1e-07}	0.6994798346314987	0.6742343276233609	0.6695927923364458	0.6762074403586754	0.6460194336672541	0.6731067657234469	0.0170440365497586	1
2.377047300338745	0.7072723814457921	0.12511029243469238	0.20416810120855297	1e-05	1e-07	1e-05	0.0001	{'lambda_2': 1e-05, 'lambda_1': 1e-07, 'alpha_2': 1e-05, 'alpha_1': 0.0001}	0.6994798346314987	0.6742343276233609	0.6695927923364458	0.6762074403586754	0.6460194336672541	0.6731067657234469	0.0170440365497586	1
2.4026520252227783	0.9547514891125991	0.14167547225952148	0.19397531992089675	0.0001	1e-07	1e-05	0.0001	{'lambda_2': 0.0001, 'lambda_1': 1e-07, 'alpha_2': 1e-05, 'alpha_1': 0.0001}	0.6994798346314987	0.6742343276233609	0.6695927923364458	0.6762074403586754	0.6460194336672541	0.6731067657234469	0.0170440365497586	1
2.486950922012329	0.6777134062233288	0.03108830451965332	0.018759752447905703	1e-07	1e-05	1e-07	1e-06	{'lambda_2': 1e-07, 'lambda_1': 1e-05, 'alpha_2': 1e-07, 'alpha_1': 1e-06}	0.6994798346314987	0.6742343276233609	0.6695927923364458	0.6762074403586754	0.6460194336672541	0.6731067657234469	0.0170440365497586	1
2.6036264896392822	0.8726268135058983	0.03778481483459473	0.04017172260036449	1e-05	1e-07	1e-05	1e-05	{'lambda_2': 1e-05, 'lambda_1': 1e-07, 'alpha_2': 1e-05, 'alpha_1': 1e-05}	0.6994798346314987	0.6742343276233609	0.6695927923364458	0.6762074403586754	0.6460194336672541	0.6731067657234469	0.0170440365497586	1
2.798051118850708	0.8525578925719686	0.07516131401062012	0.04312131001094413	0.0001	1e-07	1e-07	1e-05	{'lambda_2': 0.0001, 'lambda_1': 1e-07, 'alpha_2': 1e-07, 'alpha_1': 1e-05}	0.6994798346314987	0.6742343276233609	0.6695927923364458	0.6762074403586754	0.6460194336672541	0.6731067657234469	0.0170440365497586	1
3.3508080005645753	0.9247291230151657	0.03287372589111328	0.015129863990574356	0.001	1e-06	0.001	0.0001	{'lambda_2': 0.001, 'lambda_1': 1e-06, 'alpha_2': 0.001, 'alpha_1': 0.0001}	0.6994798346314987	0.6742343276233609	0.6695927923364458	0.6762074403586754	0.6460194336672541	0.6731067657234469	0.0170440365497586	1
2.604587030410767	0.6594422194125162	0.1909400463104248	0.19895430918247844	1e-07	1e-07	1e-07	0.0001	{'lambda_2': 1e-07, 'lambda_1': 1e-07, 'alpha_2': 1e-07, 'alpha_1': 0.0001}	0.6994798346314987	0.6742343276233609	0.6695927923364458	0.6762074403586754	0.6460194336672541	0.6731067657234469	0.0170440365497586	1
2.9570096015930174	1.1873209393054056	0.041963958740234376	0.01683339104982596	0.0001	1e-05	1e-05	1e-05	{'lambda_2': 0.0001, 'lambda_1': 1e-05, 'alpha_2': 1e-05, 'alpha_1': 1e-05}	0.6994798346314987	0.6742343276233609	0.6695927923364458	0.6762074403586754	0.6460194336672541	0.6731067657234469	0.0170440365497586	1
3.1507750511169434	0.3226967311865801	0.04108319282531738	0.01274113090498922	1e-07	0.001	1e-06	1e-05	{'lambda_2': 1e-07, 'lambda_1': 0.001, 'alpha_2': 1e-06, 'alpha_1': 1e-05}	0.6994798346314987	0.6742343276233609	0.6695927923364458	0.6762074403586754	0.6460194336672541	0.6731067657234469	0.0170440365497586	1
2.523887348175049	0.18093335194240354	0.027039623260498045	0.013281383150384088	1e-06	1e-06	1e-07	1e-07	{'lambda_2': 1e-06, 'lambda_1': 1e-06, 'alpha_2': 1e-07, 'alpha_1': 1e-07}	0.6994798346314987	0.6742343276233609	0.6695927923364458	0.6762074403586754	0.6460194336672541	0.6731067657234469	0.0170440365497586	1
3.553924036026001	1.1623954765632254	0.06454215049743653	0.04395679916246568	0.0001	1e-06	0.001	0.0001	{'lambda_2': 0.0001, 'lambda_1': 1e-06, 'alpha_2': 0.001, 'alpha_1': 0.0001}	0.6994798346314987	0.6742343276233609	0.6695927923364458	0.6762074403586754	0.6460194336672541	0.6731067657234469	0.0170440365497586	1
4.489234113693238	0.4437864160780971	0.1007627010345459	0.1107646615321292	1e-05	1e-06	0.001	0.001	{'lambda_2': 1e-05, 'lambda_1': 1e-06, 'alpha_2': 0.001, 'alpha_1': 0.001}	0.6994798346314987	0.6742343276233609	0.6695927923364458	0.6762074403586754	0.6460194336672541	0.6731067657234469	0.0170440365497586	1
3.1127606868743896	1.5630058022808417	0.03967409133911133	0.02160532930846093	1e-06	1e-05	1e-07	1e-05	{'lambda_2': 1e-06, 'lambda_1': 1e-05, 'alpha_2': 1e-07, 'alpha_1': 1e-05}	0.6994798346314987	0.6742343276233609	0.6695927923364458	0.6762074403586754	0.6460194336672541	0.6731067657234469	0.0170440365497586	1
3.492217493057251	0.7858707336996842	0.1329033374786377	0.15668762596686653	1e-05	0.001	1e-05	1e-07	{'lambda_2': 1e-05, 'lambda_1': 0.001, 'alpha_2': 1e-05, 'alpha_1': 1e-07}	0.6994798346314987	0.6742343276233609	0.6695927923364458	0.6762074403586754	0.6460194336672541	0.6731067657234469	0.0170440365497586	1
3.8325335502624513	0.9161600587656717	0.07975869178771973	0.0943786665631723	0.0001	1e-06	1e-06	1e-07	{'lambda_2': 0.0001, 'lambda_1': 1e-06, 'alpha_2': 1e-06, 'alpha_1': 1e-07}	0.6994798346314987	0.6742343276233609	0.6695927923364458	0.6762074403586754	0.6460194336672541	0.6731067657234469	0.0170440365497586	1
2.5746178150177004	1.1957114725159586	0.04858279228210449	0.04638575434098864	1e-06	1e-06	1e-05	0.001	{'lambda_2': 1e-06, 'lambda_1': 1e-06, 'alpha_2': 1e-05, 'alpha_1': 0.001}	0.6994798346314987	0.6742343276233609	0.6695927923364458	0.6762074403586754	0.6460194336672541	0.6731067657234469	0.0170440365497586	1
4.194569540023804	1.8825075177133619	0.26267828941345217	0.36569593279419366	1e-06	1e-05	1e-05	1e-07	{'lambda_2': 1e-06, 'lambda_1': 1e-05, 'alpha_2': 1e-05, 'alpha_1': 1e-07}	0.6994798346314987	0.6742343276233609	0.6695927923364458	0.6762074403586754	0.6460194336672541	0.6731067657234469	0.0170440365497586	1
4.563052749633789	1.935922803558961	0.07038545608520508	0.03746059444214618	0.001	1e-07	1e-07	1e-06	{'lambda_2': 0.001, 'lambda_1': 1e-07, 'alpha_2': 1e-07, 'alpha_1': 1e-06}	0.6994798346314987	0.6742343276233609	0.6695927923364458	0.6762074403586754	0.6460194336672541	0.6731067657234469	0.0170440365497586	1
3.865067958831787	0.9560272202357203	0.07470521926879883	0.026636131422944513	0.001	1e-07	0.001	1e-07	{'lambda_2': 0.001, 'lambda_1': 1e-07, 'alpha_2': 0.001, 'alpha_1': 1e-07}	0.6994798346314987	0.6742343276233609	0.6695927923364458	0.6762074403586754	0.6460194336672541	0.6731067657234469	0.0170440365497586	1
2.5711989402770996	0.6293165136254547	0.07134075164794922	0.0379251280997667	0.001	1e-07	1e-07	0.001	{'lambda_2': 0.001, 'lambda_1': 1e-07, 'alpha_2': 1e-07, 'alpha_1': 0.001}	0.6994798346314987	0.6742343276233609	0.6695927923364458	0.6762074403586754	0.6460194336672541	0.6731067657234469	0.0170440365497586	1
2.049126148223877	0.5441818458781853	0.044504308700561525	0.021387571636400232	0.0001	0.0001	1e-06	1e-07	{'lambda_2': 0.0001, 'lambda_1': 0.0001, 'alpha_2': 1e-06, 'alpha_1': 1e-07}	0.6994798346314987	0.6742343276233609	0.6695927923364458	0.6762074403586754	0.6460194336672541	0.6731067657234469	0.0170440365497586	1
3.3804150581359864	0.7710013201568513	0.06344780921936036	0.03132649344770893	1e-05	1e-05	1e-05	1e-06	{'lambda_2': 1e-05, 'lambda_1': 1e-05, 'alpha_2': 1e-05, 'alpha_1': 1e-06}	0.6994798346314987	0.6742343276233609	0.6695927923364458	0.6762074403586754	0.6460194336672541	0.6731067657234469	0.0170440365497586	1
2.273163414001465	0.19142576555672364	0.03842682838439941	0.01957214146685659	0.0001	1e-07	1e-05	0.001	{'lambda_2': 0.0001, 'lambda_1': 1e-07, 'alpha_2': 1e-05, 'alpha_1': 0.001}	0.6994798346314987	0.6742343276233609	0.6695927923364458	0.6762074403586754	0.6460194336672541	0.6731067657234469	0.0170440365497586	1
